[main]
name=HB-DHG
description=Mooney M20K
aircraft=hbdhg
lastposition=8.7574999406933784;47.376333251595497;
cruiserpm=2400
cruisemp=24
autoias=0
tkoffldgspeed=40

[airdata]
tatprobe_ct=1
qnh=1013.25
temperature_offset=0
standard=0

[mainwindow]
fullscreen=0
mapflags=49283071
mapscale=0.050000004470348358
terrainflags=6316032
terrainscale=0.10000000149011612
hsiwind=1
hsiterrain=1
onscreenkeyboard=0
mapdeclutter=0
mapup=0
autoias=0
hsiglide=1
altinhg=0
altmetric=0
altlabels=1
altbug=5000
altminimum=1000

[sensor1]
type=psmove
name=PSM
description=PSMove Attitude Sensor
ifaddr=00:00:00:00:00:00
devaddr=00:00:00:00:00:00
attitudepriority=0
headingpriority=0
gyrobias=0.0070807751736302578;-0.0034949957078064166;0.013327209056084241;
gyroscale=0.00081306300000000005;0.00091658400000000002;0.00080176399999999995;
accelbias=563;105;624;
accelscale=6.4217826868738761e-05;5.0030018010806483e-05;5.0332192470304009e-05;
magbias=328;1400;-2248;
magscale=7.5665859564164653e-05;6.5240083507306883e-05;7.1839080459770114e-05;
sensororient=0;0;0;1;
coeffla=0.059999999999999998
coefflc=0.10000000000000001
coeffld=0.059999999999999998
coeffsigma=0.050000000000000003
coeffn=0.25
coeffo=0.5
